function output=DAmatrix()
output =[

   724   728   730   734   736   740   742   746   748     0     0
   722   718   716   712   710   706   704   700   698   694     0
   664   668   670   674   676   680   682   686   688   692     0
   662   658   656   652   650   646   644   640   638   634     0
   604   608   610   614   616   620   622   626   628   632     0
   602   598   596   592   590   586   584   580   578   574     0
   544   548   550   554   556   560   562   566   568   572     0
   542   538   536   532   530   526   524   520   518   514     0
   484   488   490   494   496   500   502   506   508   512     0
   482   478   476   472   470   466   464   460   458   454     0
   424   428   430   434   436   440   442   446   448   452     0
   422   418   416   412   410   406   404   400   398   394     0
   364   368   370   374   376   380   382   386   388   392     0
   362   358   356   352   350   346   344   340   338   334     0
   304   308   310   314   316   320   322   326   328   332     0
   302   298   296   292   290   286   284   280   278   274     0
   244   248   250   254   256   260   262   266   268   272     0
   242   238   236   232   230   226   224   220   218   214     0
   184   188   190   194   196   200   202   206   208   212     0
   182   178   176   172   170   166   164   160   158   154     0
   124   128   130   134   136   140   142   146   148   152     0
   122   118   116   112   110   106   104   100    98    94     0
    64    68    70    74    76    80    82    86    88    92     0
    62    58    56    52    50    46    44    40    38    34     0
     2     4     8    10    14    16    20    22    26    28    32];
