function Exposure = ExposureVariable()

Exposure = [4.2242    3.8444    3.9366    3.6986    3.6344    3.7708    3.5335    3.5248    1.5616         0
3.3276    3.7110    3.5902    3.3212    3.7216    3.9167    3.7709    4.0280    3.7007    3.6940
3.5523    4.3256    3.6582    3.6565    3.6473    3.5699    3.8065    3.6197    3.6689    3.5215
3.5825    3.5651    3.9358    3.8382    3.5843    3.6195    3.8815    3.7698    3.9537    3.6008
3.6076    3.5248    3.5432    3.3551    3.3848    3.2559    3.5704    3.7942    3.9157    3.6177
3.3166    3.7022    3.1000    3.1147    3.0838    3.3409    3.8897    3.8300    3.6401    3.5641
3.6944    3.5092    3.7197    3.5751    2.0274    3.7301    3.0425    3.1220    3.1829    3.2461
3.8509    3.6196    3.7298    3.5168    3.5389    3.2043    3.0839    3.0422    3.2686    3.6609
3.5814    3.4301    3.4453    3.6251    3.5705    3.1682    2.9754    3.2722    3.4812    3.1306
3.8309    3.2911    3.4620    3.3853    3.2350    1.4868    3.2929    3.5129    2.8505    3.6508
3.6048    3.0516    2.8191    3.0752    3.1895    3.0641    3.0938    3.1610    3.0916    3.1949
2.6219    2.3501    2.5259    2.7506    2.4086    3.0114    2.4745    2.3758    2.6339    2.6076
2.8311    2.8766    2.6923    2.3677    2.3672    2.3374    2.3432    2.3513    2.2118    2.2352
2.7307    2.4424    2.6749    2.9338    2.1817    2.4767    2.6342    2.1311    2.2233    2.4387
2.4742    2.7315    2.4941    2.5673    2.4925    2.4733    3.0062    2.4027    2.6055    3.0030
3.1348    3.0031    3.0026    3.0453    2.9854    2.9971    2.8747    3.0517    3.5349    3.1021
3.4106    1.7355    3.4817    3.3989    3.2989    3.3520    3.2376    3.3916    3.3287    3.5455
3.2134    3.5922    3.6589    3.5468    3.6509    3.3470    3.4081    3.5380    3.1572    3.1439
3.3009    3.3248    3.4659    3.3573    3.4511    3.1719    3.2024    3.4178    3.5118    3.5173
3.1270    2.8970    3.0128    2.9513    2.9210    3.0381    3.1466    3.0762    3.1797    3.0899
2.7470    3.0049    3.0845    2.7863    2.8221    2.9037    3.1381    3.1150    2.9706    3.0701
3.0013    3.3007    3.2994    3.0996    4.3007    3.0855    3.3203    3.2716    3.1576    3.2058
2.8344    3.1325    3.0563    3.0746    2.9096    3.3362    3.4762    3.4702    3.5447    2.9986
3.3151    3.1745    3.2062    3.3174    1.4051    3.6227    3.8405    3.7863    3.5049    3.2562
3.3574    2.7549    3.4753    2.2375    4.1561    3.6770    3.6210    3.5620    3.6702    3.5713];
Exposure = Exposure.*1.0e+04;
